# Output parameters. The values of OSNR are evaluated in the -3 dB channel band

osnr_lin_central_channel_db = 24.3934638017

osnr_nl_central_channel_db = 22.659395802

osnr_lin_db = [ 24.3934638]

osnr_nl_db = [ 22.6593958]

spectrum = {'laser_position': [0, 0, 0, 1, 0, 0, 0, 0], 'signals': [{'b_ch': 0.032, 'roll_off': 0.15, 'p_ch': 0.0015848935575364911, 'p_nli': 2.8282646715973932e-06, 'p_ase': 5.7630676801295905e-06}]}
