# Output parameters. The values of OSNR are evaluated in the -3 dB channel band

osnr_lin_central_channel_db = 49.8796419729

osnr_nl_central_channel_db = -36.9531505037

osnr_lin_db = [ 49.87964197]

osnr_nl_db = [-36.9531505]

spectrum = {'laser_position': [0, 0, 0, 1, 0, 0, 0, 0], 'signals': [{'b_ch': 0.032, 'roll_off': 0.15, 'p_ch': 0.0004265798372032309, 'p_nli': 2.1150243593160578, 'p_ase': 4.3856717854769997e-09}]}
