# Output parameters. The values of OSNR are evaluated in the -3 dB channel band

osnr_lin_central_channel_db = 57.1004271467

osnr_nl_central_channel_db = -36.3893326398

osnr_lin_db = [ 57.10042715]

osnr_nl_db = [-36.38933264]

spectrum = {'laser_position': [0, 0, 0, 1, 0, 0, 0, 0], 'signals': [{'b_ch': 0.032, 'roll_off': 0.15, 'p_ch': 0.83176438695681632, 'p_nli': 3621.8760650026197, 'p_ase': 1.621651794132049e-06}]}
