# Output parameters. The values of OSNR are evaluated in the -3 dB channel band

osnr_lin_central_channel_db = 52.9501757693

osnr_nl_central_channel_db = -36.4987824587

osnr_lin_db = [ 52.95017577]

osnr_nl_db = [-36.49878246]

spectrum = {'laser_position': [0, 0, 0, 1, 0, 0, 0, 0], 'signals': [{'b_ch': 0.032, 'roll_off': 0.15, 'p_ch': 0.016982449098745796, 'p_nli': 75.836549883564047, 'p_ase': 8.6095954389465614e-08}]}
