# Output parameters. The values of OSNR are evaluated in the -3 dB channel band

osnr_lin_central_channel_db = 70.9883369406

osnr_nl_central_channel_db = 70.9883369406

osnr_lin_db = [ 70.98833694]

osnr_nl_db = [ 70.98833694]

spectrum = {'laser_position': [0, 0, 0, 1, 0, 0, 0, 0], 'signals': [{'b_ch': 0.032, 'roll_off': 0.15, 'p_ch': 5.0118723362727229, 'p_nli': 0.0, 'p_ase': 3.9917773165715292e-07}]}
