# Output parameters. The values of OSNR are evaluated in the -3 dB channel band

osnr_lin_central_channel_db = 22.1225112673

osnr_nl_central_channel_db = 21.8833038715

osnr_lin_db = [ 22.12251127]

osnr_nl_db = [ 21.88330387]

spectrum = {'laser_position': [0, 0, 0, 1, 0, 0, 0, 0], 'signals': [{'b_ch': 0.032, 'roll_off': 0.15, 'p_ch': 1.5641969458544307e-07, 'p_nli': 5.4330770574138438e-11, 'p_ase': 9.5948967757237709e-10}]}
