# Output parameters. The values of OSNR are evaluated in the -3 dB channel band

osnr_lin_central_channel_db = 22.3934638016

osnr_nl_central_channel_db = 21.7340827173

osnr_lin_db = [ 22.3934638]

osnr_nl_db = [ 21.73408272]

spectrum = {'laser_position': [0, 0, 0, 1, 0, 0, 0, 0], 'signals': [{'b_ch': 0.032, 'roll_off': 0.15, 'p_ch': 6.6069360018615746e-06, 'p_nli': 6.2429808505957931e-09, 'p_ase': 3.8076210567206769e-08}]}
