# Output parameters. The values of OSNR are evaluated in the -3 dB channel band

osnr_lin_central_channel_db = 37.9138142672

osnr_nl_central_channel_db = 33.8221538697

osnr_lin_db = [ 37.91381427]

osnr_nl_db = [ 33.82215387]

spectrum = {'laser_position': [0, 0, 0, 1, 0, 0, 0, 0], 'signals': [{'b_ch': 0.032, 'roll_off': 0.15, 'p_ch': 5.2480758110083735e-05, 'p_nli': 1.3281953228554805e-08, 'p_ase': 8.4843519023124675e-09}]}
