# Output parameters. The values of OSNR are evaluated in the -3 dB channel band

osnr_lin_central_channel_db = 35.108969112

osnr_nl_central_channel_db = 30.9416826409

osnr_lin_db = [ 35.10896911]

osnr_nl_db = [ 30.94168264]

spectrum = {'laser_position': [0, 0, 0, 1, 0, 0, 0, 0], 'signals': [{'b_ch': 0.032, 'roll_off': 0.15, 'p_ch': 1.5488169755862332e-06, 'p_nli': 7.6925785718958115e-10, 'p_ase': 4.7764274858069017e-10}]}
