# Output parameters. The values of OSNR are evaluated in the -3 dB channel band

osnr_lin_central_channel_db = 22.5591343708

osnr_nl_central_channel_db = 22.0357897947

osnr_lin_db = [ 22.55913437]

osnr_nl_db = [ 22.03578979]

spectrum = {'laser_position': [0, 0, 0, 1, 0, 0, 0, 0], 'signals': [{'b_ch': 0.032, 'roll_off': 0.15, 'p_ch': 3.6307813839513023e-05, 'p_nli': 2.5794080368743407e-08, 'p_ase': 2.0141261262421344e-07}]}
