# Output parameters. The values of OSNR are evaluated in the -3 dB channel band

osnr_lin_central_channel_db = 22.3934638016

osnr_nl_central_channel_db = 21.8886123983

osnr_lin_db = [ 22.3934638]

osnr_nl_db = [ 21.8886124]

spectrum = {'laser_position': [0, 0, 0, 1, 0, 0, 0, 0], 'signals': [{'b_ch': 0.032, 'roll_off': 0.15, 'p_ch': 0.0010000002303224547, 'p_nli': 7.10427965278046e-07, 'p_ase': 5.7630676801295905e-06}]}
