# Output parameters. The values of OSNR are evaluated in the -3 dB channel band

osnr_lin_central_channel_db = 20.5591343708

osnr_nl_central_channel_db = 20.4625445969

osnr_lin_db = [ 20.55913437]

osnr_nl_db = [ 20.4625446]

spectrum = {'laser_position': [0, 0, 0, 1, 0, 0, 0, 0], 'signals': [{'b_ch': 0.032, 'roll_off': 0.15, 'p_ch': 0.00063095748978185225, 'p_nli': 1.24759016026161e-07, 'p_ase': 5.547363988847801e-06}]}
