# Output parameters. The values of OSNR are evaluated in the -3 dB channel band

osnr_lin_central_channel_db = 12.3934638016

osnr_nl_central_channel_db = 12.3927517902

osnr_lin_db = [ 12.3934638]

osnr_nl_db = [ 12.39275179]

spectrum = {'laser_position': [0, 0, 0, 1, 0, 0, 0, 0], 'signals': [{'b_ch': 0.032, 'roll_off': 0.15, 'p_ch': 6.6069360018615757e-07, 'p_nli': 6.2429808505957972e-12, 'p_ase': 3.8076210567206769e-08}]}
