# Output parameters. The values of OSNR are evaluated in the -3 dB channel band

osnr_lin_central_channel_db = 25.108969112

osnr_nl_central_channel_db = 25.1054065295

osnr_lin_db = [ 25.10896911]

osnr_nl_db = [ 25.10540653]

spectrum = {'laser_position': [0, 0, 0, 1, 0, 0, 0, 0], 'signals': [{'b_ch': 0.032, 'roll_off': 0.15, 'p_ch': 0.00010000002302769568, 'p_nli': 2.5308240134836314e-10, 'p_ase': 3.0839206058547942e-07}]}
