# Output parameters. The values of OSNR are evaluated in the -3 dB channel band

osnr_lin_central_channel_db = 12.5591343708

osnr_nl_central_channel_db = 12.5587455494

osnr_lin_db = [ 12.55913437]

osnr_nl_db = [ 12.55874555]

spectrum = {'laser_position': [0, 0, 0, 1, 0, 0, 0, 0], 'signals': [{'b_ch': 0.032, 'roll_off': 0.15, 'p_ch': 0.00010000002302879166, 'p_nli': 4.9667458871259034e-10, 'p_ase': 5.547363988847801e-06}]}
