# Output parameters. The values of OSNR are evaluated in the -3 dB channel band

osnr_lin_central_channel_db = 8.39346380159

osnr_nl_central_channel_db = 8.39343002242

osnr_lin_db = [ 8.3934638]

osnr_nl_db = [ 8.39343002]

spectrum = {'laser_position': [0, 0, 0, 1, 0, 0, 0, 0], 'signals': [{'b_ch': 0.032, 'roll_off': 0.15, 'p_ch': 3.9810726224302076e-05, 'p_nli': 4.4824974240448979e-11, 'p_ase': 5.7630676801295905e-06}]}
