# Output parameters. The values of OSNR are evaluated in the -3 dB channel band

osnr_lin_central_channel_db = 23.9138142672

osnr_nl_central_channel_db = 23.913601513

osnr_lin_db = [ 23.91381427]

osnr_nl_db = [ 23.91360151]

spectrum = {'laser_position': [0, 0, 0, 1, 0, 0, 0, 0], 'signals': [{'b_ch': 0.032, 'roll_off': 0.15, 'p_ch': 3.9810726221757399e-05, 'p_nli': 7.9199610546487311e-12, 'p_ase': 1.6166599266935348e-07}]}
