# Output parameters. The values of OSNR are evaluated in the -3 dB channel band

osnr_lin_central_channel_db = 8.55913437076

osnr_nl_central_channel_db = 8.55909927812

osnr_lin_db = [ 8.55913437]

osnr_nl_db = [ 8.55909928]

spectrum = {'laser_position': [0, 0, 0, 1, 0, 0, 0, 0], 'signals': [{'b_ch': 0.032, 'roll_off': 0.15, 'p_ch': 1.4454401036504661e-06, 'p_nli': 1.6274964452342117e-12, 'p_ase': 2.0141261262421344e-07}]}
