# Output parameters. The values of OSNR are evaluated in the -3 dB channel band

osnr_lin_central_channel_db = 8.39346380159

osnr_nl_central_channel_db = 8.39341887325

osnr_lin_db = [ 8.3934638]

osnr_nl_db = [ 8.39341887]

spectrum = {'laser_position': [0, 0, 0, 1, 0, 0, 0, 0], 'signals': [{'b_ch': 0.032, 'roll_off': 0.15, 'p_ch': 2.6302685977060409e-07, 'p_nli': 3.9390546190288111e-13, 'p_ase': 3.8076210567206769e-08}]}
