# Output parameters. The values of OSNR are evaluated in the -3 dB channel band

osnr_lin_central_channel_db = 23.9138142672

osnr_nl_central_channel_db = 23.9133853177

osnr_lin_db = [ 23.91381427]

osnr_nl_db = [ 23.91338532]

spectrum = {'laser_position': [0, 0, 0, 1, 0, 0, 0, 0], 'signals': [{'b_ch': 0.032, 'roll_off': 0.15, 'p_ch': 2.08929661195244e-06, 'p_nli': 8.3803459383782114e-13, 'p_ase': 8.4843519023124675e-09}]}
