# Output parameters. The values of OSNR are evaluated in the -3 dB channel band

osnr_lin_central_channel_db = 8.55913437076

osnr_nl_central_channel_db = 8.55910983676

osnr_lin_db = [ 8.55913437]

osnr_nl_db = [ 8.55910984]

spectrum = {'laser_position': [0, 0, 0, 1, 0, 0, 0, 0], 'signals': [{'b_ch': 0.032, 'roll_off': 0.15, 'p_ch': 3.9810726222927084e-05, 'p_nli': 3.1338047955662921e-11, 'p_ase': 5.547363988847801e-06}]}
