# Output parameters. The values of OSNR are evaluated in the -3 dB channel band

osnr_lin_central_channel_db = 21.108969112

osnr_nl_central_channel_db = 21.1085278149

osnr_lin_db = [ 21.10896911]

osnr_nl_db = [ 21.10852781]

spectrum = {'laser_position': [0, 0, 0, 1, 0, 0, 0, 0], 'signals': [{'b_ch': 0.032, 'roll_off': 0.15, 'p_ch': 6.1659514385044378e-08, 'p_nli': 4.8536889478007033e-14, 'p_ase': 4.7764274858069017e-10}]}
