# Output parameters. The values of OSNR are evaluated in the -3 dB channel band

osnr_lin_central_channel_db = 24.5591343709

osnr_nl_central_channel_db = 22.7698268569

osnr_lin_db = [ 24.55913437]

osnr_nl_db = [ 22.76982686]

spectrum = {'laser_position': [0, 0, 0, 1, 0, 0, 0, 0], 'signals': [{'b_ch': 0.032, 'roll_off': 0.15, 'p_ch': 5.7544006988801495e-05, 'p_nli': 1.0268808353385812e-07, 'p_ase': 2.0141261262421344e-07}]}
