# Output parameters. The values of OSNR are evaluated in the -3 dB channel band

osnr_lin_central_channel_db = 24.5591343709

osnr_nl_central_channel_db = 23.2351315296

osnr_lin_db = [ 24.55913437]

osnr_nl_db = [ 23.23513153]

spectrum = {'laser_position': [0, 0, 0, 1, 0, 0, 0, 0], 'signals': [{'b_ch': 0.032, 'roll_off': 0.15, 'p_ch': 0.0015848935574817515, 'p_nli': 1.9772971521274564e-06, 'p_ase': 5.547363988847801e-06}]}
