# Output parameters. The values of OSNR are evaluated in the -3 dB channel band

osnr_lin_central_channel_db = 24.3934638017

osnr_nl_central_channel_db = 22.211426099

osnr_lin_db = [ 24.3934638]

osnr_nl_db = [ 22.2114261]

spectrum = {'laser_position': [0, 0, 0, 1, 0, 0, 0, 0], 'signals': [{'b_ch': 0.032, 'roll_off': 0.15, 'p_ch': 1.0471287892633581e-05, 'p_nli': 2.4853754424333003e-08, 'p_ase': 3.8076210567206769e-08}]}
