# Output parameters. The values of OSNR are evaluated in the -3 dB channel band

osnr_lin_central_channel_db = 4.98742956377

osnr_nl_central_channel_db = 4.98207511566

osnr_lin_db = [ 4.98742956]

osnr_nl_db = [ 4.98207512]

spectrum = {'laser_position': [0, 0, 0, 1, 0, 0, 0, 0], 'signals': [{'b_ch': 0.032, 'roll_off': 0.15, 'p_ch': 2.4852485585101886e-07, 'p_nli': 9.7235539142522284e-11, 'p_ase': 7.8818265642097091e-08}]}
