# Output parameters. The values of OSNR are evaluated in the -3 dB channel band

osnr_lin_central_channel_db = 5.05542418858

osnr_nl_central_channel_db = 5.04999155899

osnr_lin_db = [ 5.05542419]

osnr_nl_db = [ 5.04999156]

spectrum = {'laser_position': [0, 0, 0, 1, 0, 0, 0, 0], 'signals': [{'b_ch': 0.032, 'roll_off': 0.15, 'p_ch': 1.5896648022384978e-06, 'p_nli': 6.2124167584892505e-10, 'p_ase': 4.9632155808070792e-07}]}
