# Output parameters. The values of OSNR are evaluated in the -3 dB channel band

osnr_lin_central_channel_db = 18.5591343708

osnr_nl_central_channel_db = 18.5346693401

osnr_lin_db = [ 18.55913437]

osnr_nl_db = [ 18.53466934]

spectrum = {'laser_position': [0, 0, 0, 1, 0, 0, 0, 0], 'signals': [{'b_ch': 0.032, 'roll_off': 0.15, 'p_ch': 0.00039810726222927082, 'p_nli': 3.1338047955662928e-08, 'p_ase': 5.547363988847801e-06}]}
