# Output parameters. The values of OSNR are evaluated in the -3 dB channel band

osnr_lin_central_channel_db = 33.9138142672

osnr_nl_central_channel_db = 33.7061022184

osnr_lin_db = [ 33.91381427]

osnr_nl_db = [ 33.70610222]

spectrum = {'laser_position': [0, 0, 0, 1, 0, 0, 0, 0], 'signals': [{'b_ch': 0.032, 'roll_off': 0.15, 'p_ch': 0.00039810726221757402, 'p_nli': 7.919961054648731e-09, 'p_ase': 1.6166599266935348e-07}]}
