# Output parameters. The values of OSNR are evaluated in the -3 dB channel band

osnr_lin_central_channel_db = 31.108969112

osnr_nl_central_channel_db = 30.889721648

osnr_lin_db = [ 31.10896911]

osnr_nl_db = [ 30.88972165]

spectrum = {'laser_position': [0, 0, 0, 1, 0, 0, 0, 0], 'signals': [{'b_ch': 0.032, 'roll_off': 0.15, 'p_ch': 0.00039810726222490767, 'p_nli': 1.5968419988522534e-08, 'p_ase': 3.0839206058547942e-07}]}
