# Output parameters. The values of OSNR are evaluated in the -3 dB channel band

osnr_lin_central_channel_db = 18.3934638016

osnr_nl_central_channel_db = 18.359815192

osnr_lin_db = [ 18.3934638]

osnr_nl_db = [ 18.35981519]

spectrum = {'laser_position': [0, 0, 0, 1, 0, 0, 0, 0], 'signals': [{'b_ch': 0.032, 'roll_off': 0.15, 'p_ch': 0.00039810726224302078, 'p_nli': 4.4824974240448981e-08, 'p_ase': 5.7630676801295905e-06}]}
