# Output parameters. The values of OSNR are evaluated in the -3 dB channel band

osnr_lin_central_channel_db = 33.9138142672

osnr_nl_central_channel_db = 33.5047299565

osnr_lin_db = [ 33.91381427]

osnr_nl_db = [ 33.50472996]

spectrum = {'laser_position': [0, 0, 0, 1, 0, 0, 0, 0], 'signals': [{'b_ch': 0.032, 'roll_off': 0.15, 'p_ch': 2.0892966119524401e-05, 'p_nli': 8.3803459383782132e-10, 'p_ase': 8.4843519023124675e-09}]}
