# Output parameters. The values of OSNR are evaluated in the -3 dB channel band

osnr_lin_central_channel_db = 18.3934638016

osnr_nl_central_channel_db = 18.3487660385

osnr_lin_db = [ 18.3934638]

osnr_nl_db = [ 18.34876604]

spectrum = {'laser_position': [0, 0, 0, 1, 0, 0, 0, 0], 'signals': [{'b_ch': 0.032, 'roll_off': 0.15, 'p_ch': 2.6302685977060413e-06, 'p_nli': 3.939054619028811e-10, 'p_ase': 3.8076210567206769e-08}]}
