# Output parameters. The values of OSNR are evaluated in the -3 dB channel band

osnr_lin_central_channel_db = 18.5591343708

osnr_nl_central_channel_db = 18.5241826198

osnr_lin_db = [ 18.55913437]

osnr_nl_db = [ 18.52418262]

spectrum = {'laser_position': [0, 0, 0, 1, 0, 0, 0, 0], 'signals': [{'b_ch': 0.032, 'roll_off': 0.15, 'p_ch': 1.4454401036504661e-05, 'p_nli': 1.6274964452342118e-09, 'p_ase': 2.0141261262421344e-07}]}
