# Output parameters. The values of OSNR are evaluated in the -3 dB channel band

osnr_lin_central_channel_db = 25.9138142672

osnr_nl_central_channel_db = 25.9121068399

osnr_lin_db = [ 25.91381427]

osnr_nl_db = [ 25.91210684]

spectrum = {'laser_position': [0, 0, 0, 1, 0, 0, 0, 0], 'signals': [{'b_ch': 0.032, 'roll_off': 0.15, 'p_ch': 3.3113119773435656e-06, 'p_nli': 3.3362758098721017e-12, 'p_ase': 8.4843519023124675e-09}]}
