# Output parameters. The values of OSNR are evaluated in the -3 dB channel band

osnr_lin_central_channel_db = 25.9138142672

osnr_nl_central_channel_db = 25.9129673395

osnr_lin_db = [ 25.91381427]

osnr_nl_db = [ 25.91296734]

spectrum = {'laser_position': [0, 0, 0, 1, 0, 0, 0, 0], 'signals': [{'b_ch': 0.032, 'roll_off': 0.15, 'p_ch': 6.3095748976331399e-05, 'p_nli': 3.1529932864402958e-11, 'p_ase': 1.6166599266935348e-07}]}
