# Output parameters. The values of OSNR are evaluated in the -3 dB channel band

osnr_lin_central_channel_db = 10.3934638016

osnr_nl_central_channel_db = 10.3933293259

osnr_lin_db = [ 10.3934638]

osnr_nl_db = [ 10.39332933]

spectrum = {'laser_position': [0, 0, 0, 1, 0, 0, 0, 0], 'signals': [{'b_ch': 0.032, 'roll_off': 0.15, 'p_ch': 6.3095748980364442e-05, 'p_nli': 1.7845143665452433e-10, 'p_ase': 5.7630676801295905e-06}]}
