# Output parameters. The values of OSNR are evaluated in the -3 dB channel band

osnr_lin_central_channel_db = 10.5591343708

osnr_nl_central_channel_db = 10.5590367

osnr_lin_db = [ 10.55913437]

osnr_nl_db = [ 10.5590367]

spectrum = {'laser_position': [0, 0, 0, 1, 0, 0, 0, 0], 'signals': [{'b_ch': 0.032, 'roll_off': 0.15, 'p_ch': 6.3095748978185222e-05, 'p_nli': 1.2475901602616103e-10, 'p_ase': 5.547363988847801e-06}]}
