# Output parameters. The values of OSNR are evaluated in the -3 dB channel band

osnr_lin_central_channel_db = 29.9138142673

osnr_nl_central_channel_db = 29.8868320413

osnr_lin_db = [ 29.91381427]

osnr_nl_db = [ 29.88683204]

spectrum = {'laser_position': [0, 0, 0, 1, 0, 0, 0, 0], 'signals': [{'b_ch': 0.032, 'roll_off': 0.15, 'p_ch': 8.3176396265910877e-06, 'p_nli': 5.2876408196330488e-11, 'p_ase': 8.4843519023124675e-09}]}
