# Output parameters. The values of OSNR are evaluated in the -3 dB channel band

osnr_lin_central_channel_db = 14.5591343709

osnr_nl_central_channel_db = 14.5575866516

osnr_lin_db = [ 14.55913437]

osnr_nl_db = [ 14.55758665]

spectrum = {'laser_position': [0, 0, 0, 1, 0, 0, 0, 0], 'signals': [{'b_ch': 0.032, 'roll_off': 0.15, 'p_ch': 0.00015848935574817511, 'p_nli': 1.9772971521274557e-09, 'p_ase': 5.547363988847801e-06}]}
