# Output parameters. The values of OSNR are evaluated in the -3 dB channel band

osnr_lin_central_channel_db = 14.5591343709

osnr_nl_central_channel_db = 14.5569207308

osnr_lin_db = [ 14.55913437]

osnr_nl_db = [ 14.55692073]

spectrum = {'laser_position': [0, 0, 0, 1, 0, 0, 0, 0], 'signals': [{'b_ch': 0.032, 'roll_off': 0.15, 'p_ch': 5.7544006988801478e-06, 'p_nli': 1.0268808353385806e-10, 'p_ase': 2.0141261262421344e-07}]}
