# Output parameters. The values of OSNR are evaluated in the -3 dB channel band

osnr_lin_central_channel_db = 29.9138142673

osnr_nl_central_channel_db = 29.9004107637

osnr_lin_db = [ 29.91381427]

osnr_nl_db = [ 29.90041076]

spectrum = {'laser_position': [0, 0, 0, 1, 0, 0, 0, 0], 'signals': [{'b_ch': 0.032, 'roll_off': 0.15, 'p_ch': 0.00015848935574351851, 'p_nli': 4.997157595927236e-10, 'p_ase': 1.6166599266935348e-07}]}
