# Output parameters. The values of OSNR are evaluated in the -3 dB channel band

osnr_lin_central_channel_db = 16.5591343708

osnr_nl_central_channel_db = 16.5503283983

osnr_lin_db = [ 16.55913437]

osnr_nl_db = [ 16.5503284]

spectrum = {'laser_position': [0, 0, 0, 1, 0, 0, 0, 0], 'signals': [{'b_ch': 0.032, 'roll_off': 0.15, 'p_ch': 9.1201104940900679e-06, 'p_nli': 4.0880862381748528e-10, 'p_ase': 2.0141261262421344e-07}]}
