# Output parameters. The values of OSNR are evaluated in the -3 dB channel band

osnr_lin_central_channel_db = 16.3934638016

osnr_nl_central_channel_db = 16.3849871031

osnr_lin_db = [ 16.3934638]

osnr_nl_db = [ 16.3849871]

spectrum = {'laser_position': [0, 0, 0, 1, 0, 0, 0, 0], 'signals': [{'b_ch': 0.032, 'roll_off': 0.15, 'p_ch': 0.00025118870100438492, 'p_nli': 1.1259524458902926e-08, 'p_ase': 5.7630676801295905e-06}]}
