# Output parameters. The values of OSNR are evaluated in the -3 dB channel band

osnr_lin_central_channel_db = 29.108969112

osnr_nl_central_channel_db = 29.0528470083

osnr_lin_db = [ 29.10896911]

osnr_nl_db = [ 29.05284701]

spectrum = {'laser_position': [0, 0, 0, 1, 0, 0, 0, 0], 'signals': [{'b_ch': 0.032, 'roll_off': 0.15, 'p_ch': 0.00025118870099295629, 'p_nli': 4.0110857502414262e-09, 'p_ase': 3.0839206058547942e-07}]}
