# Output parameters. The values of OSNR are evaluated in the -3 dB channel band

osnr_lin_central_channel_db = 16.5591343708

osnr_nl_central_channel_db = 16.5529760595

osnr_lin_db = [ 16.55913437]

osnr_nl_db = [ 16.55297606]

spectrum = {'laser_position': [0, 0, 0, 1, 0, 0, 0, 0], 'signals': [{'b_ch': 0.032, 'roll_off': 0.15, 'p_ch': 0.00025118870099570924, 'p_nli': 7.871761745100009e-09, 'p_ase': 5.547363988847801e-06}]}
