# Output parameters. The values of OSNR are evaluated in the -3 dB channel band

osnr_lin_central_channel_db = 31.9138142672

osnr_nl_central_channel_db = 31.8073767248

osnr_lin_db = [ 31.91381427]

osnr_nl_db = [ 31.80737672]

spectrum = {'laser_position': [0, 0, 0, 1, 0, 0, 0, 0], 'signals': [{'b_ch': 0.032, 'roll_off': 0.15, 'p_ch': 1.3182570421155292e-05, 'p_nli': 2.1050477254282563e-10, 'p_ase': 8.4843519023124675e-09}]}
