# Output parameters. The values of OSNR are evaluated in the -3 dB channel band

osnr_lin_central_channel_db = 37.1089691121

osnr_nl_central_channel_db = 30.807669003

osnr_lin_db = [ 37.10896911]

osnr_nl_db = [ 30.807669]

spectrum = {'laser_position': [0, 0, 0, 1, 0, 0, 0, 0], 'signals': [{'b_ch': 0.032, 'roll_off': 0.15, 'p_ch': 0.0015848935574643813, 'p_nli': 1.0075391872509765e-06, 'p_ase': 3.0839206058547942e-07}]}
